0,273
0,270
3,2
3,1
3,3
10,275
10,289
10,169
10,21
10,112
10,237
10,6
10,1
10,282
10,2
10,3
11,17
11,15
11,12
11,18
11,11
11,27
11,1
11,6
11,2
11,3
9,7
9,1
9,5
9,2
9,3
8,12
8,13
8,9
8,11
8,8
8,1
8,15
8,2
8,3
12,2
12,1
12,3
20,2
20,1
20,3
19,2
19,1
19,3
92,7
92,6
92,5
92,4
92,3
92,2
92,1
92,0
90,4
90,3
90,2
90,1
90,0
89,4
89,3
89,2
89,1
89,0
87,5
87,4
87,3
87,2
87,1
87,0
84,6
84,5
84,4
84,3
84,2
84,1
84,0
82,5
82,4
18,1
82,3
82,2
18,3
82,1
82,0
79,3
14,1
79,2
79,1
14,3
79,0
78,3
13,1
78,2
13,3
78,1
78,0
77,5
77,4
77,3
77,2
77,1
77,0
76,4
76,3
76,2
76,1
76,0
75,4
75,3
75,2
